数据加载完成，共 534960 行记录
开始分析药物组合...
开始计算各项指标...
指标计算完成
熵权法计算权重: [0.18692604 0.03789386 0.10819625 0.08751418 0.29461427 0.15160047
 0.13325493]
结果已保存到 drug_combination_analysis_results.csv

=== 前10名药物组合 ===
 Base_Drug_Combo  Comp_INI  Comp_NNRTI  Extra_PI  Extra_pk_En  comprehensive_score  count  patient_count
               5         3           0         0            0             0.755176      4              3
               5         0           3         0            0             0.721677    137             23
               1         0           3         0            0             0.712061   1357            127
               3         3           2         0            0             0.667266      3              3
               2         3           2         0            0             0.658899     25              4
               2         0           2         5            0             0.656996     27              4
               5         3           2         0            0             0.655755     91              7
               5         3           3         0            0             0.641917   2759            229
               1         2           3         0            0             0.641288     12              3
               1         3           3         0            0             0.641218  22408            937

=== 指标权重 ===
持续性: 0.1869
增长速率: 0.0379
抑制能力: 0.1082
免疫恢复: 0.0875
治疗负担: 0.2946
稳定性: 0.1516
平稳性: 0.1333

=== 统计信息 ===
总药物组合数量: 135
总数据行数: 534960
总患者数量: 24650
平均每个组合的患者数量: 182.59
数据行数最多的组合: 109239
患者数量最多的组合: 3263

进程已结束，退出代码为 0